9.999999999999605871e-01 4.560805094977716037e-03 2.201358160829386748e-03 3.529147468072046240e-03 2.374009203557561273e-03 4.334966353871559652e-03 2.056870475100808660e-03 3.677141029944071184e-03 1.696380564660335570e-03 2.316310076446100562e-03 2.474429254820489140e-03 5.999944136662722916e-03 3.736627916418373656e-03 3.010372971455483639e-03 4.125155439924422240e-01 1.986253799838066329e-03 2.961716497211612682e-03 4.073885864190550099e-01 4.676806509689337109e-03 3.897162723887083111e-03 5.164163056134721264e-03 2.318758465814533404e-03 4.001588621959391474e-03 4.252130058539307748e-03 3.732070122462049274e-03 2.606820361595279904e-03 2.281785314673317501e-03 7.483748621143231604e-03 3.449482820045229447e-03 2.656932964399057878e-03 7.962088799530527700e-03 1.952423650133976825e-03 6.966359428137500372e-03 7.320711910417885757e-03 2.517835701925408374e-03 3.959853627463682732e-03 3.552104249223601330e-03 5.574006580930676233e-03 3.904694769911184939e-03 3.829344805326337017e-03 3.087291334544131367e-03 3.589523810112989991e-03 4.050976581354898652e-03 3.909396644355502860e-03 3.492601220784129386e-03 8.351875618729695874e-03 3.021206351536389213e-03 5.234990667884276659e-03 2.863104024442123235e-03 3.521942334280606362e-03 2.617086758128763999e-03 3.787610860308441522e-03 3.522500762116466313e-03 5.204060202873077648e-03 4.267701060968053135e-03 1.902529394905790603e-03 3.776208968416445207e-03 5.661552592738080224e-03 1.050797786565624455e-02 2.702946867174052092e-03 6.371908544939623720e-03 4.049544420209699042e-03 3.258162388663546002e-03 3.658906426412035420e-03 5.896806596355305512e-03 2.503490719285697119e-03 2.112061510020272256e-03 4.819567107986508919e-03 2.871254267969353038e-03 5.415284022034424008e-03 4.105319544930778088e-03 3.122000842946103753e-03 4.620912034262224591e-03 1.902287721308029266e-03 4.622958320139655165e-03 4.558005903342439435e-03 1.080832867679646769e-03 3.905707640065751284e-03 3.427445232883135403e-03 4.026726180072626518e-03 2.326581667610951639e-03 1.383088579630219672e-03 4.856163611731701031e-03 8.257959360770415758e-03 3.614161213707192850e-03 5.543614578806812902e-03 6.269766357129279676e-03 5.103898884525234249e-03 3.608671243786261938e-03 1.840267870555930109e-03 1.013509511243955614e-02 5.385913191925841524e-03 3.569530351857538343e-03 3.447872545004120222e-03 6.558849027781786696e-03 2.931196984007618939e-03 2.987641166717311478e-03 4.613043163188584872e-03 2.888211962257540046e-03 6.646603248673842862e-03
4.560805094977716037e-03 9.999999999997923883e-01 5.765427885953448676e-03 4.962345647037168586e-03 5.825159174891023431e-03 4.960600129472391047e-03 8.035097543439792891e-03 9.029235493171753474e-03 3.735874417447649937e-03 3.194472030143346870e-03 4.145147496636606907e-03 6.404440505860755153e-03 4.764802211224448796e-03 6.209912824961542378e-03 4.256567383564336705e-03 4.309229894008698714e-01 6.057799381223902269e-03 4.549293335319752260e-03 4.557095697971427217e-01 3.883823002866345075e-01 4.127533579613393289e-01 8.043534304171191460e-03 3.746788531273125833e-01 9.048233510383850778e-03 2.930416003882415580e-03 3.645361279896908342e-03 5.196196037670323606e-03 3.666137403820718052e-03 4.606803038844546963e-03 5.556482756749922015e-03 4.425097736040999215e-03 1.910678025394567728e-02 6.806154503333264848e-03 1.176320026329553438e-02 1.091576883322009812e-02 7.543685241507180200e-03 7.611141577714407649e-03 3.436340902521396561e-03 7.165411512923623716e-03 9.112065849476875048e-03 5.496337724486922288e-03 6.823561320875769221e-03 3.713761215275594545e-03 1.346067700392198155e-02 3.231314581821664086e-03 7.254316422960015338e-03 5.124404197509753282e-03 9.657683753249265285e-03 7.358897669448242161e-03 3.615986506495247072e-03 8.374269161775511547e-03 5.838421173140810605e-03 5.647533937835981337e-03 2.265220533655254616e-03 6.609750897738510440e-03 4.569614650448250437e-03 5.984386090945733108e-03 6.229950145206314578e-03 1.016151455962398774e-02 6.855586848523611068e-03 6.818806871800619715e-03 4.520287674357859921e-03 4.272967483901807424e-03 5.507571215683889319e-03 5.537210620219920436e-03 4.669712881869382548e-03 2.596047018358173687e-03 6.384248853517132324e-03 6.684776768064512077e-03 7.058765548261836803e-03 2.317876956316818407e-02 6.423004055377656840e-03 4.950291989150485371e-03 4.319471886010944374e-03 7.702487770050460078e-03 5.706961493262164599e-03 1.944795578121061904e-03 5.343369112245800918e-03 6.567866588751060386e-03 6.958710356017456730e-03 3.925222589341540759e-03 1.880909338562075997e-03 7.065121753024723901e-03 7.856752016669328945e-03 6.929932012350016601e-03 6.008542225634559177e-03 8.636199220931350257e-03 6.535271118175842858e-03 2.371126227491360261e-03 6.467093530388583027e-03 6.638310924703576428e-03 6.550767354664610055e-03 5.258109163152075577e-03 7.785676343804543917e-03 7.670651344621796930e-03 5.794190319773845702e-03 6.191983618508471732e-03 7.878935522051261700e-03 4.546161641950240313e-03 6.040214431495877570e-03
2.201358160829386748e-03 5.765427885953448676e-03 9.999999999999763522e-01 2.422451882662067946e-03 5.133361476608227190e-03 9.128052322300458238e-03 2.854432699459965705e-03 5.006238289928372637e-03 6.192572986020155202e-04 2.756322553773905490e-03 2.290637353049621103e-03 2.568165174079991599e-03 7.729027572716622684e-03 2.687220223982266908e-03 2.099879399505232089e-03 8.010173044294754269e-03 1.100876275366648302e-03 2.236215669948495282e-03 8.016106760089763972e-03 7.757783888993181019e-03 4.885577049711715102e-03 1.234723419390329393e-03 5.262746069897128454e-03 4.119353627579742591e-03 2.252851960142535082e-03 3.199139382670035999e-03 2.525087933806041685e-03 2.737462159529146372e-03 3.281193917751046990e-03 6.344454982609238139e-03 1.497015693495038716e-03 2.189566976402113237e-03 4.526642397537763117e-03 5.251626031414641411e-03 6.613323110335828960e-03 8.949596781304556409e-03 4.900075062132283957e-03 3.599459330627421440e-03 1.642234150217116578e-02 4.702080690969150795e-03 3.796911288068707258e-01 7.043214885260406545e-03 3.624543654830994499e-01 1.884155823980744517e-03 1.289890098718337458e-03 5.319554336597497914e-03 2.497761749918026020e-01 7.183103776730943163e-03 3.189216434859422269e-03 2.925263047652823523e-03 4.657000280424076870e-03 4.406340847505950745e-03 5.158151565496390742e-03 2.589579280792757808e-03 3.797614188067356331e-03 3.992930612182244571e-03 1.647539491487633873e-02 4.703811882530085052e-03 4.477083755760166879e-03 5.840360497703557356e-03 3.569600307295614765e-03 3.884068822735317617e-02 5.110913367602116196e-03 5.251129922881154523e-03 3.069758766110838519e-03 2.797989389526216696e-03 1.062741986903467228e-03 3.036072808894812580e-03 1.322412227936643325e-03 8.437381172776049418e-03 4.269469049851488951e-03 5.319165992430095399e-03 3.105518718388872515e-03 3.029278194470070087e-03 2.358310035302037949e-03 2.085160498389394389e-03 1.398819223087817681e-03 1.464644481366557914e-02 1.255808684148514327e-02 3.721604523017767435e-03 4.237860076099737167e-03 2.977668576185001775e-03 3.352511313604255271e-03 4.063046820906227388e-03 6.006981643452684143e-03 4.043425682409985955e-03 3.444048198183974341e-03 4.447137840083736395e-03 1.639659671652687585e-03 1.872280632370544855e-04 6.033494139946595468e-03 7.715580874892363945e-03 4.870358814257499946e-03 6.469354661856514983e-03 5.122898369561351868e-03 5.187228800421374471e-03 3.224518345009277226e-03 3.339850630144034719e-03 2.756332464892518805e-03 2.929335264932320798e-03
3.529147468072046240e-03 4.962345647037168586e-03 2.422451882662067946e-03 9.999999999999699130e-01 3.762191328339570956e-02 4.135753743908828460e-03 3.763686441471039441e-03 6.603429708626998296e-03 1.403565866277348096e-03 2.338951952353694307e-03 3.658763996571310923e-03 4.695189998699183034e-03 3.310380843929142634e-03 5.074441761357348542e-03 2.364784081229055583e-03 4.868751985752466788e-03 4.873137922879770476e-03 5.258585763115842734e-03 5.911649562411688125e-03 9.087561042221241336e-03 5.026591232607451054e-03 3.266971499701262164e-03 3.193843723637685827e-03 5.945337119617036953e-03 3.393824181731859742e-03 4.004412850952454063e-03 5.418741289282658080e-03 3.318598538290383915e-03 3.974746065187362808e-03 3.318360183106622112e-03 7.933323429564416093e-03 8.254967717376196848e-03 5.195913935369444146e-03 8.735716695925793696e-03 4.109759842799359970e-03 5.302925088506501607e-03 7.739814747911894985e-03 3.305886973106766241e-03 5.769841507432749844e-03 4.348542975167065533e-03 1.933297691253925248e-03 7.587748683655582728e-03 2.419079914197899868e-03 3.767806036887324638e-03 1.884867453725625353e-03 9.170807439906001821e-03 3.131154656392766238e-03 8.258921053253225411e-03 2.417812030876637444e-02 3.034068958517646339e-03 6.856638964556112034e-03 4.502545450601149434e-03 6.987710338113557393e-03 1.881057348062529317e-03 8.088196485262388186e-03 5.315376045098066903e-03 3.466309223236216722e-03 3.096834551010661275e-03 5.762128084311841404e-03 4.802063187028257976e-03 3.768634044426733432e-03 2.973466245154900850e-03 1.711434688595668205e-02 3.314576569567839574e-03 4.092020908964586791e-03 4.793681520574329460e-03 1.616408427611682776e-03 6.495273579338854859e-03 3.893581613083903648e-03 8.618509861088016755e-03 1.179300662553573603e-02 5.568995714436521423e-03 3.380873810941016980e-03 1.227497490592623780e-02 5.796833711852657049e-03 7.378285236996861424e-03 2.257741649229853646e-03 4.837636543030433313e-03 3.677061345708237342e-03 5.225853376802382620e-03 2.169099632438980380e-03 2.724217950254582184e-03 4.995715191723004191e-03 1.035152237809260772e-02 8.693030368499363864e-03 5.354675966084393619e-03 6.648202183984134976e-03 5.725032388284365288e-03 3.703211659906719636e-03 1.319089024593193219e-03 7.349630878229461602e-03 7.398541854471659893e-03 3.976298146274611853e-03 4.701747690171025409e-03 7.817896217689426774e-03 3.992056609422305058e-03 4.175716880921141044e-03 5.867439556247342793e-03 3.555267032145085181e-03 4.159510212954950492e-03
2.374009203557561273e-03 5.825159174891023431e-03 5.133361476608227190e-03 3.762191328339570956e-02 9.999999999999756861e-01 4.598604253973834211e-03 2.090549471636532486e-03 7.937991661914330782e-03 2.391747038398907808e-03 5.990863169439587278e-03 3.639335274618490327e-03 9.210687691361123253e-03 3.426804261824992551e-03 3.828635843564123873e-03 2.199992857461256519e-03 4.185412713543616887e-03 6.462561941851058429e-03 4.073066695546844265e-03 4.044422566496323583e-03 1.730147946619769658e-02 6.663065196591869653e-03 3.698780269003774587e-03 2.703077605439725174e-03 4.567662987655637941e-03 3.982552663099553011e-03 4.551269283753289242e-03 5.981058147986470334e-03 4.417746395678440706e-03 4.509982119227641702e-03 3.202454120654804701e-03 2.293244832321101202e-03 6.212475419362866770e-03 5.869720457777160075e-03 6.146696870058294612e-03 5.970143826330696381e-03 7.859742149635404185e-03 7.788517373767123164e-03 3.260047236770963804e-03 6.196630340484448642e-03 6.372038701626311745e-03 3.134275324018808047e-03 3.859364138137917448e-03 2.069272540940862454e-03 5.942182920196666107e-03 3.676385679274573551e-03 7.719714807813876471e-03 3.485693658745090372e-03 6.036134596461607826e-03 3.008456554404944500e-02 4.399198823040576661e-03 8.022490856401878409e-03 5.611293947840326028e-03 4.628363999796178928e-03 4.012097770658438166e-03 9.083932861140729328e-03 4.803911332925226568e-03 5.540997944001798368e-03 4.820605748701950639e-03 6.247969178179018333e-03 4.502568924670439371e-03 3.513819110021416947e-03 5.981723839087878594e-03 4.460457981948039510e-03 6.817084509529556732e-03 3.994383754285023985e-03 4.919614069812077231e-03 2.374899583425306958e-03 5.643975788217412207e-03 3.527145394190224059e-03 5.188018370370449557e-03 3.528747203307655046e-03 8.175437348800967952e-03 4.155629162726590976e-03 3.668769165486570304e-03 5.681882478759555516e-03 5.457468791779651433e-03 3.012495071135028006e-03 5.689884327561164912e-03 3.526413780004690121e-03 4.460927572987172414e-03 2.132593879727883758e-03 2.983218098885665002e-03 6.075926447339805546e-03 3.685934842592815917e-03 6.031333959279331150e-03 5.324887651555444516e-03 6.096389302655973001e-03 7.327892702138977081e-03 1.937252146438144581e-03 9.640329555799972668e-04 9.650635022981997671e-03 3.574123826341277753e-03 6.933279178957993047e-03 4.052790981888432925e-02 6.406876089938362898e-03 6.861613872021500929e-03 5.553816654304412348e-03 7.016444354966246133e-02 3.412928730554343551e-03 4.789812594204966543e-03
4.334966353871559652e-03 4.960600129472391047e-03 9.128052322300458238e-03 4.135753743908828460e-03 4.598604253973834211e-03 9.999999999999952260e-01 2.229863369988954302e-03 1.093547704159720559e-02 6.388766814982554249e-03 2.146600298915604318e-03 3.258722908902001759e-03 6.706582353663524676e-03 8.087886376897487906e-03 3.550600668739946775e-03 4.676850908853212932e-03 4.944599485679732585e-03 3.265501851152054734e-03 2.758653716664583814e-03 3.767748439342688115e-03 4.512710979429469457e-03 3.968389875306970252e-03 4.915362211388059344e-03 4.333466437089159365e-03 3.123012149876696220e-03 3.128142662021757281e-03 3.017435836489338035e-03 3.563441869402911300e-03 3.139156399236263124e-03 4.885885019729426827e-03 2.331697284960662468e-03 3.942139410052422459e-03 8.981020066768740859e-03 8.488625483550737288e-03 5.665603037202424259e-03 4.475299452375354481e-03 6.953105193262493905e-03 9.414070313816490232e-03 2.457219034340697023e-03 7.961077541920194914e-03 5.097377754491183230e-03 8.846943372104649518e-04 6.209433255160589152e-03 1.333067027818649140e-03 3.528601487240796020e-03 3.971640207059181672e-03 5.385742248853643208e-03 3.017142448859645200e-03 5.169113906538098414e-03 3.694413018675294941e-03 4.431679352870592122e-03 7.446009334565794301e-03 4.555495416442222403e-03 8.372660323197616758e-03 4.281729992825687725e-03 6.265543306426738304e-03 2.816385177391726551e-03 5.657548739321996943e-03 8.171270177595987838e-03 6.375616004589612293e-03 5.252762834082219320e-03 4.808063567468615074e-03 3.302449992713847159e-03 2.559755848737039347e-03 6.729940585566165229e-03 3.527088304883988119e-03 7.815052820677355350e-03 1.062093219330078470e-03 4.484736685818591605e-03 4.400225018372744962e-03 6.582633132611956199e-03 3.108493070950424722e-03 6.285880771096140698e-03 3.862484912981742954e-03 2.175426233201953243e-03 4.747517557569067015e-03 6.542904068360552022e-03 1.246630635564705773e-03 4.074691982683918690e-03 2.295765240838580287e-02 8.593629253894173245e-03 3.628383168411449932e-03 5.902840624045328777e-04 3.926253724852557525e-03 6.744767690107635570e-03 5.025290427195306872e-03 4.320673195375920005e-03 4.210284686096727944e-03 5.265809728007031162e-03 4.900888474232952333e-03 1.788520987857452563e-03 7.312862126866794682e-03 4.472261909995100052e-03 4.947074073835372801e-03 7.436039853922853625e-03 8.094888142053379212e-03 5.284020236090468739e-03 4.185468254850363383e-03 1.047969941964617575e-02 2.231823587290010860e-03 4.954524865329457475e-03
2.056870475100808660e-03 8.035097543439792891e-03 2.854432699459965705e-03 3.763686441471039441e-03 2.090549471636532486e-03 2.229863369988954302e-03 1.000000000000013101e+00 2.273230075187298877e-03 2.244259346131007721e-03 3.069679730986450261e-03 1.282163282099872985e-03 3.926174689281614581e-03 2.073470566999821227e-03 2.539204822243941537e-03 1.667099277362608803e-03 6.383932647754626995e-03 1.145383284110276928e-01 1.658165966455047574e-03 2.953054140622135126e-03 5.569949773840729597e-03 6.037699690371015233e-03 3.204754378731685966e-03 3.025412177231775589e-03 4.067731181905038552e-03 2.797548357682190685e-03 9.300434597727628028e-04 4.083954592672698995e-03 3.066052079811793559e-03 1.571184434662171048e-03 1.131877242597123003e-02 3.380096442123032598e-03 3.007138948602580512e-03 2.847788505375360019e-03 8.466298735830069325e-03 2.119932756548223961e-03 3.634866999961638284e-03 4.935568391062506582e-03 1.157413147159764124e-03 1.757819067804742164e-03 3.228788252444843472e-03 1.299253976887615935e-03 5.463375346082877983e-03 4.195681183133927877e-03 1.785636936347889669e-02 2.064249237377825501e-03 3.094505866709615534e-03 1.824959340072664169e-03 3.294413228391885641e-03 5.739517486225342510e-03 1.215187383356715030e-03 1.905983947401336835e-03 3.048451403244082855e-03 1.385589681555504313e-03 2.493819899105483191e-03 6.373737881454721692e-03 2.219012856277739927e-03 4.542140819779592366e-04 3.949940278770901203e-03 4.344865297030953491e-03 2.811467587204291921e-03 3.398433841251745965e-03 2.141115353342871747e-03 1.395194341115274517e-02 3.176015135844883000e-03 2.978925178364653231e-03 4.992105858088514460e-03 4.332031223570918799e-03 2.846685006666270674e-03 1.976970735231103633e-03 3.204003510588183251e-03 3.753327220768932528e-03 3.440791140758043144e-03 3.929126947403450629e-03 1.448839425567409814e-03 3.117660874957069866e-03 4.036437705566569070e-03 2.021049419326642442e-03 2.102811053175408958e-03 3.006419437755067196e-03 4.042624061896246679e-03 8.765980398913763606e-04 2.693008460265264043e-03 5.824494225475117248e-03 2.836823817325259157e-03 3.111624103159358126e-03 3.395981556586258592e-03 9.020119432132088846e-03 2.279407415243379399e-03 4.092692159277037077e-03 7.299201735416229169e-04 2.854077340677965442e-03 2.100195100019065526e-03 2.304785106105228937e-03 2.893478880060476426e-03 2.865903573146971230e-03 3.139130442369092271e-03 1.252426651336613827e-03 2.398025287174863993e-03 2.472893289490562044e-03 3.657032179215155034e-03
3.677141029944071184e-03 9.029235493171753474e-03 5.006238289928372637e-03 6.603429708626998296e-03 7.937991661914330782e-03 1.093547704159720559e-02 2.273230075187298877e-03 1.000000000000085931e+00 3.637564513738391053e-03 2.611281287963357692e-02 3.796121638364092880e-03 7.119024192186199952e-03 5.705750160307075658e-03 6.126141921440419504e-03 5.225893364177526361e-03 7.991272554658344213e-03 4.441124139922018703e-03 7.047849076188014358e-03 6.506790684847314418e-03 7.263015545623465949e-03 8.831330823362255195e-03 5.567255532757673167e-03 6.179320745444734017e-03 5.407092641226212380e-03 1.478210312147256074e-02 5.648285098803582788e-03 4.929793016626866572e-03 6.082902471672698569e-03 7.191869499509834576e-03 4.654161666551548740e-03 4.875405212608438857e-03 1.101948593997174874e-02 8.083582758375172303e-03 9.334881895921897169e-03 1.199508948109589447e-02 3.922792484733363116e-02 2.429611345102080516e-02 4.640618211655222862e-03 9.892122020799328994e-03 8.624862267112740413e-03 3.563106449310813294e-03 6.500829297899004579e-03 4.453985947247261247e-03 4.527334153786453236e-03 5.160258675467523960e-03 1.170307517422950958e-02 4.704530250031886858e-03 7.533328104120455039e-03 1.046422701698528600e-02 5.908797453532424644e-03 9.193543746376679413e-03 8.855682828352145694e-03 5.630333153133799430e-03 5.166726573641663642e-03 1.153012311089413738e-02 5.640657057404877169e-03 1.039227369288864278e-02 5.478903176511999706e-03 8.404927977875885706e-03 1.335216961981458041e-02 4.166916968605712673e-03 1.083870003761411120e-02 4.046481705305001245e-03 8.258686674859804649e-03 7.251193764115210737e-03 8.621158115175435455e-03 2.066926091987408322e-03 9.063614294384465808e-03 1.225338811133784567e-02 1.109525313994500113e-02 6.471447592966142297e-03 1.260051529498161516e-02 6.825850258897853302e-03 7.600337289085826870e-03 7.693899265931048587e-03 1.000067827289147747e-02 2.813425204607153309e-03 6.438267864219466945e-03 4.445886067464373086e-03 8.475551251221642018e-03 6.280723432726667207e-03 2.252340345099936719e-03 4.033082954923032475e-03 7.699248986762498650e-03 9.826044797991369956e-03 6.546951882015801180e-03 6.420737673100597974e-03 5.356586985047746829e-02 5.558786586480034264e-03 3.853881851059425597e-03 9.659527078708691691e-03 8.302808218342064978e-03 6.508402288546310047e-03 4.860692355964521538e-03 7.476128392414552529e-03 7.546058948478832386e-03 5.394195026980657358e-03 1.167517666545334065e-02 3.995481663904146448e-03 3.536846874277584096e-03
1.696380564660335570e-03 3.735874417447649937e-03 6.192572986020155202e-04 1.403565866277348096e-03 2.391747038398907808e-03 6.388766814982554249e-03 2.244259346131007721e-03 3.637564513738391053e-03 9.999999999999622524e-01 9.763457736105102779e-04 2.160342314921102642e-03 3.792279417189532448e-03 2.159662282588128805e-03 2.991831227375395773e-03 2.498037245443233273e-03 4.046516173778297309e-03 3.210788053164039587e-03 2.929536424626389551e-03 4.092196098307832562e-03 2.975511687403537432e-03 4.372722835625633686e-03 1.368276005056788813e-01 3.715156495908459103e-03 2.916338251174188309e-03 2.281717715594639047e-03 1.520637087787377007e-03 3.520840462007908400e-03 2.236692447442488203e-03 2.166097292866542290e-03 5.740605526891058965e-04 2.369584930497437448e-03 6.922943616108875702e-03 3.222273870902374847e-03 8.317397685857458312e-03 5.334427685868767255e-03 7.365714555313189298e-03 1.452883155585333978e-03 2.349619297453473150e-03 2.226112133263563522e-03 3.629156548731511320e-03 2.477245634559856798e-03 3.665575540534284343e-03 1.619320948492942655e-03 3.426796299539999324e-03 6.017410792232876469e-03 6.266755504260544500e-03 2.308210173699627374e-03 2.508931450114086029e-03 5.799948973934672576e-03 1.261191587237562011e-03 2.885971653140249546e-03 3.470572254049376481e-03 2.863726320815544735e-03 2.040599151152389362e-03 3.057898274585706035e-03 2.926963329678812335e-03 1.239771518210220800e-03 9.350679534334433232e-03 5.413661050732788797e-03 2.966098988382868083e-03 3.615215231565164361e-03 2.166709213950111269e-03 3.596236098668675277e-03 2.233757434815933536e-03 4.855230606323497795e-03 4.437854341407165316e-03 2.183292663596599417e-03 4.553604179677505671e-03 5.835785679333512638e-03 2.756775877675445279e-03 3.199450660623764410e-03 4.336070679582496208e-03 4.119480883600520893e-03 2.454034082245309424e-03 4.015681124407124471e-03 4.430885699947976174e-03 2.005449925531111680e-03 2.004258086658156426e-03 4.273899661510361520e-03 4.108056358443806441e-03 6.502316425784980362e-04 4.725872655521478781e-04 6.370590732385018710e-03 3.398145696812691300e-03 1.491159624454610347e-03 4.015124518653434560e-03 4.282428205055148658e-03 4.233809265290888052e-03 2.245749802022494867e-03 5.909008153604556907e-04 3.648447529742672880e-03 2.569045580746794240e-03 4.007367587702262250e-03 5.226197527652905010e-03 2.760301911463300395e-03 2.802260931631907464e-03 3.135902837495705038e-03 2.892974970079643330e-03 4.535576764468474131e-03 5.341428443915330337e-03
2.316310076446100562e-03 3.194472030143346870e-03 2.756322553773905490e-03 2.338951952353694307e-03 5.990863169439587278e-03 2.146600298915604318e-03 3.069679730986450261e-03 2.611281287963357692e-02 9.763457736105102779e-04 9.999999999999801270e-01 2.154734053758029441e-03 4.122130138642377851e-03 1.161967738629562236e-02 3.133221297826805588e-03 2.538492564522608179e-03 3.843746051247680026e-03 2.773883382096606082e-03 4.537633264445489929e-03 5.718381765532351731e-03 5.512989159051595069e-03 1.486632072846531989e-02 2.062836768987700523e-03 3.177291115409347066e-03 2.271964904222642523e-03 5.306866451032560619e-03 3.113451817218475335e-03 2.532779839758306922e-03 4.271566132662102735e-03 2.509659572389374635e-03 9.694876138082173574e-04 1.834663208660177076e-03 1.122643518069200465e-02 3.641320499388560859e-03 6.096940285844845535e-03 2.643975503715102413e-03 1.053230823870643651e-01 3.522421721385640431e-03 1.370672282267319624e-03 4.612210072302386568e-03 3.158438517412447046e-03 1.412893764762738298e-03 2.260243079343540740e-03 4.125278620016471776e-03 2.465293305966373243e-03 1.926105330336113936e-03 4.899047266248052375e-03 2.186156585529014026e-03 5.835759194644860384e-03 5.420322940493858994e-03 1.642159421240567754e-02 2.064534412344319614e-02 3.622169418719162898e-02 2.028231041209586222e-03 2.928866915318275622e-03 1.279429466714900564e-02 3.047900820788622487e-03 1.263950390025326241e-02 3.345746566710935260e-03 2.905849315847940442e-02 3.320556502612901067e-03 1.964874863680291482e-03 3.737114572163675874e-02 5.716506328675834483e-03 3.137714701381937119e-03 1.905400208141788546e-03 3.408525180806276124e-03 2.541959967010997204e-03 1.124265765122268307e-02 1.097018060535640861e-02 5.028984825139994758e-03 3.261791119210529898e-03 4.208107087279243722e-03 3.807804579070890334e-03 1.405923752865416605e-03 3.219160629349011263e-03 1.101856851137638510e-02 1.810020504317811328e-03 3.580452072095514915e-03 4.096141344969133312e-03 2.793939437017383710e-03 1.962982648533281166e-03 8.271678670595193064e-04 4.722420589425195027e-03 2.015532220090666612e-03 7.545202755310440046e-03 4.595150297555391887e-03 4.838617353079849998e-03 4.711419588158008084e-03 1.809817038709445394e-03 2.400792427545171259e-03 4.136636553601561253e-03 3.250395489185549814e-03 4.268290063812312310e-03 2.675839423125734272e-03 3.077785027064490388e-03 8.033298420941928364e-03 2.048846595604989374e-03 3.307744741715000231e-03 3.410666587700907169e-03 2.195346818114455017e-03
2.474429254820489140e-03 4.145147496636606907e-03 2.290637353049621103e-03 3.658763996571310923e-03 3.639335274618490327e-03 3.258722908902001759e-03 1.282163282099872985e-03 3.796121638364092880e-03 2.160342314921102642e-03 2.154734053758029441e-03 9.999999999998919753e-01 4.101896923701323604e-03 2.175669028220198181e-03 3.632830969369625889e-03 2.066084625697708205e-03 3.158633375816166915e-03 3.034454285367659421e-03 3.103450441724180022e-03 3.444036987560109789e-03 3.951805846386658751e-03 4.806702692123855127e-03 3.119483084480010378e-03 3.052024294273987526e-03 3.051232479772229399e-03 3.457639824827486025e-03 2.518392936847452419e-03 3.077129900800916994e-03 3.850295335923575087e-03 4.164040945807307402e-03 4.416459152919118523e-03 3.459522174962968190e-03 3.698728274885822089e-03 3.856761556739965111e-03 5.619474919898960995e-03 3.275802321299591934e-03 5.630416196844427110e-03 4.777603235986186379e-03 1.980541382083556359e-03 3.368549211144707383e-03 4.411609654822233259e-03 3.012358639547178807e-03 3.737001328736039470e-03 2.203371270732986352e-03 2.868214736820143100e-03 3.229098638335230285e-03 5.529512407671227821e-03 2.316893502585825378e-03 5.351223083858055486e-03 5.090649837789323201e-03 2.944935363167542133e-03 4.299829662232354695e-03 4.467142514443548859e-03 3.175488097270787093e-03 2.799787822092902195e-03 6.417278675637068212e-03 1.376882825974405471e-02 3.628711929970478405e-03 3.064068230939585250e-03 4.808387036591401688e-03 3.692462823165683274e-03 2.945298577784537068e-03 3.827042009235971914e-03 2.477749209181568345e-03 3.509745965968131317e-03 3.274669570506653655e-03 4.455529622710452387e-03 1.686783518405784955e-03 4.369403829803764766e-03 2.080335930132076825e-03 4.862179238432021849e-03 3.380659343105598021e-03 4.425092499208401441e-03 4.544839329980182238e-03 2.461970701637008433e-03 9.098733656005178472e-03 4.094126114344806208e-03 1.395025132194864254e-03 3.318741370627379533e-03 2.245146601703448732e-03 3.324360606093305914e-03 3.478544470537997969e-03 2.316588016588927781e-03 6.950045725013572796e-03 8.826274982865214835e-03 8.044941514432231086e-03 5.279729554983039926e-03 4.295221430221286656e-03 5.352463798126302907e-03 2.073727378685324453e-03 1.489252232966335179e-03 5.190678985986722609e-03 3.546792447884675962e-03 4.367086624599857136e-03 4.106953421744936709e-03 5.418953177133646951e-03 4.996313416505277806e-03 4.486431190274332674e-03 3.318030034553732729e-03 2.897329258492667512e-03 3.856276227609527207e-03
5.999944136662722916e-03 6.404440505860755153e-03 2.568165174079991599e-03 4.695189998699183034e-03 9.210687691361123253e-03 6.706582353663524676e-03 3.926174689281614581e-03 7.119024192186199952e-03 3.792279417189532448e-03 4.122130138642377851e-03 4.101896923701323604e-03 9.999999999999561462e-01 6.299335733544838244e-03 5.863846708838028020e-03 6.852894837773815598e-03 7.101352517823834171e-03 6.566294199474167516e-03 6.187203757717345959e-03 1.022977204184425705e-02 6.483441745996856680e-03 5.990136660380705920e-03 1.077872045630998664e-02 6.281381489310772399e-03 9.758301725849077499e-03 3.996566278030617633e-03 3.614579828886724158e-03 5.703677983675274794e-03 5.414075433649242347e-03 5.711391224483684803e-03 5.763818254399515756e-03 6.999278408775878868e-03 6.443535118425104159e-03 6.235847081256512894e-03 1.155160806958213833e-02 3.201317246964587200e-03 6.473901969607663044e-03 8.246342851593854717e-03 3.620750700081944943e-03 6.477678883621469999e-03 9.281486382506295985e-03 4.892644361128906105e-03 8.453114216073049497e-03 5.010865773333459533e-03 3.933634195915093265e-03 5.524228273739799876e-03 1.263601251712659877e-02 3.387965450320912664e-03 5.595154794218271631e-03 6.924429370330453977e-03 3.221479452566877819e-03 7.795143223858200243e-03 5.599738166186669398e-03 2.320508099614966221e-02 6.259198364082352480e-03 9.883025359294202172e-03 3.289036559908493224e-03 5.115120787174261448e-03 9.257540816830936090e-03 6.734363723954703632e-03 5.318663095589355391e-03 5.209424053488442667e-03 6.733104182969183379e-03 2.755330662032894062e-03 7.211801733265320313e-03 6.371996890961701548e-03 6.530856839969792320e-03 3.795630350681942176e-03 3.133870084861598709e-02 9.204505838165549098e-03 8.753821904444817822e-03 6.002865072376701444e-03 4.386686219138315884e-03 9.651530251098989002e-03 4.424197634455320251e-03 9.903105188344829904e-03 6.233323641716298838e-03 1.808518549122022437e-03 9.818732783293733848e-03 5.548929722781557015e-03 7.947176538347500499e-03 3.554438669122687421e-03 3.746248032017450089e-03 1.099173053623477524e-02 3.846257124318301808e-03 5.851125742667621400e-03 8.033625780621785062e-03 7.727135097010453917e-03 7.350502480085678754e-03 4.911712252675328946e-03 1.235145917431933584e-03 7.461072792709091961e-03 7.718803272344280583e-03 6.637866056730929928e-03 8.930897228101896887e-03 3.830261886623184762e-03 5.831862946621323152e-03 4.385366612008735274e-03 1.082711797146159241e-02 5.312820265093170721e-03 7.324952475044048394e-03
3.736627916418373656e-03 4.764802211224448796e-03 7.729027572716622684e-03 3.310380843929142634e-03 3.426804261824992551e-03 8.087886376897487906e-03 2.073470566999821227e-03 5.705750160307075658e-03 2.159662282588128805e-03 1.161967738629562236e-02 2.175669028220198181e-03 6.299335733544838244e-03 9.999999999999942268e-01 4.263865987731214890e-03 2.924231048508300901e-03 4.599117529469326678e-03 2.325632275213456845e-03 5.005339094787496571e-03 3.766893977276074192e-03 4.099023694253222001e-03 3.512091858294148165e-03 2.365111209961765892e-03 3.358274061499391585e-03 8.751870705449360521e-03 2.042082973157632788e-03 4.871767478086423686e-03 1.038580296020554482e-02 2.414426776156549086e-03 2.510990321726140357e-03 8.795018876956847351e-03 2.491830526249918208e-03 6.565425214142182886e-03 3.913969683217885694e-03 5.545631994328362353e-03 1.672456855287928271e-03 9.273221959540479953e-03 3.629185978442491575e-03 2.283252371770349079e-02 2.004196742011099541e-02 4.869851568448941258e-03 1.406492305137800516e-03 3.096419395111953566e-03 1.766107030509949435e-03 5.462316584961569681e-03 1.808545196215921493e-03 8.931760593267928233e-03 3.244863391808478631e-03 3.111574349433298033e-03 3.582295891710765220e-03 1.598458013812925974e-02 6.265344354676251858e-03 5.069317973943185916e-03 2.524131094574982165e-03 5.850760724905220908e-03 6.335999360149233497e-03 2.710894398472377207e-03 1.385065280707822866e-03 6.242419681668710113e-03 3.649006530397182115e-03 6.183814400905505992e-03 1.038507733159603139e-02 5.775798212165575429e-03 4.112636848045587122e-03 3.299003427341301239e-03 6.983825731422145001e-03 3.621806623358795989e-03 2.553287337248880736e-03 7.999888872683273006e-03 1.300263168630892696e-02 4.699375919818833507e-03 4.912097237588226688e-03 5.092060146522516158e-03 7.941893543266588182e-03 2.907495921748472646e-03 5.940372064540662064e-03 1.248411586581912522e-02 2.301940759993800680e-03 3.342432090117182595e-03 1.002491632848926534e-02 5.648794560465294351e-03 5.012989023979804934e-03 2.197976481450102798e-03 6.661806969634327842e-03 1.046023730483952759e-02 2.920991371371478660e-03 5.481387254889052464e-03 6.563697568331233051e-03 2.626454544995253208e-03 1.367467431153610892e-03 2.197797908864612074e-03 2.867926612145025884e-03 4.381442385750564453e-03 2.127769369606597339e-03 6.968511567275740420e-03 4.587285757612198644e-03 3.163710628059730225e-03 2.935735032107829063e-03 7.195940107552542021e-03 3.267044689177027277e-03 3.481830954919323731e-03
3.010372971455483639e-03 6.209912824961542378e-03 2.687220223982266908e-03 5.074441761357348542e-03 3.828635843564123873e-03 3.550600668739946775e-03 2.539204822243941537e-03 6.126141921440419504e-03 2.991831227375395773e-03 3.133221297826805588e-03 3.632830969369625889e-03 5.863846708838028020e-03 4.263865987731214890e-03 1.000000000000013989e+00 1.363569089233883109e-03 3.460141407979711991e-03 2.640343949925179172e-03 2.814694359850932002e-03 4.815207171576620267e-03 3.946254433413611158e-03 5.349801573416300068e-03 4.584023113099728805e-03 4.939908694417650785e-03 7.048728527232765891e-03 2.205253249675124660e-03 4.906635940167386987e-03 3.044158589145543482e-03 3.665008176823372765e-03 3.406100360731069161e-03 3.307061086002796059e-03 2.839875666602858367e-03 3.676886000395885885e-03 5.234960095583509297e-03 5.555816777195262887e-03 3.800987656773663695e-03 7.280610740689558158e-03 4.447292597583044071e-03 3.125193022500494591e-03 4.909014513651012088e-03 4.429708516277741127e-03 4.391134809137268134e-03 2.935263419269403939e-03 1.964751135149911052e-03 2.143787760737439051e-03 3.907979413049517126e-03 6.100697036331365411e-03 4.274977501961350207e-03 5.794835837363460605e-03 7.131430875717612375e-03 3.609025532357054353e-03 5.580451099713360126e-03 5.406006175304530967e-03 7.346005948686474066e-03 2.048250469319444142e-03 4.882472865704963125e-03 3.977696286942167259e-03 2.688594296613521818e-03 3.277137462710627905e-03 8.766818102617817896e-03 4.313821501373878847e-03 3.891516479985761019e-03 3.520522682541836305e-03 2.987979155359562003e-03 5.399457074276674956e-03 5.448052759969406085e-03 2.828371547909143933e-03 3.091165454460872465e-03 6.678833716215163037e-03 1.134679627624072054e-02 4.624314450036360637e-03 5.309478408559010695e-03 5.278176213295754197e-03 3.994035645312445787e-03 1.916220983789140809e-03 3.343691918786531863e-03 5.649402688341563852e-03 2.900452566272426497e-03 3.018320133261328739e-03 3.941960481311184046e-03 3.402603466637280638e-01 2.098372086618051965e-03 2.355446339556100874e-03 7.457941687878198896e-03 4.476027986411623000e-03 4.118186001547121181e-03 6.515550710059258080e-03 3.408646217809173026e-03 6.064043059586221238e-03 5.590552281677465575e-03 1.711343565021523645e-03 8.596740435901046445e-03 3.848190583359328756e-03 4.368204283999805107e-03 5.209187826143387746e-03 4.780906132263033556e-03 4.496152075965900025e-03 1.032107046171737777e-02 4.570654279753978179e-03 3.711712954986845069e-03 3.816972377812588579e-03
4.125155439924422240e-01 4.256567383564336705e-03 2.099879399505232089e-03 2.364784081229055583e-03 2.199992857461256519e-03 4.676850908853212932e-03 1.667099277362608803e-03 5.225893364177526361e-03 2.498037245443233273e-03 2.538492564522608179e-03 2.066084625697708205e-03 6.852894837773815598e-03 2.924231048508300901e-03 1.363569089233883109e-03 9.999999999999891198e-01 3.168754937382929713e-03 3.609393038900349758e-03 4.250369258171560749e-01 5.072531460107268172e-03 3.858360370925333332e-03 4.133387875121450651e-03 3.824959606596730049e-03 3.429646924483314725e-03 2.625971048481487002e-03 1.436653583152936722e-03 5.118600460866490863e-03 2.438053479159545296e-03 8.691773368319222204e-03 3.759561035378731000e-03 2.962184452095590649e-03 5.806830169163520669e-03 3.326479951344365506e-03 5.982863096028865138e-03 5.751373806189149021e-03 2.880423909804394160e-03 5.495276299150227486e-03 7.183272709167820048e-03 2.890660922719727639e-03 5.752349458872220087e-03 3.389958715276648448e-03 1.926722874378284257e-03 2.777316942605722368e-03 4.590369960367070117e-03 2.144400471484713550e-03 4.313654449833326070e-03 3.885510601811045881e-03 3.709276672188508914e-03 3.899207079957607829e-03 5.176623406006115868e-03 3.831210201448788464e-03 3.796898018013188970e-03 2.721705537909811356e-03 4.081335065932412479e-03 5.622909314985774162e-03 3.925701948867350334e-03 1.860534857895870071e-03 4.342791642586302236e-03 6.600293107456218535e-03 8.315737466745975331e-03 2.956920144632582854e-03 2.045745536792586798e-03 2.823841789847169551e-03 2.244405262389588453e-03 4.238871181272493502e-03 3.914938164995961090e-03 4.085410356618398263e-03 1.616376773696704241e-03 3.988899535032514564e-03 4.088287000628597345e-03 5.324443267725355658e-03 5.060397573572471101e-03 3.589841437432091716e-03 7.764522027919690261e-03 2.185897557552265221e-03 4.260905740400045688e-03 3.178713084698650548e-03 1.691194439156292742e-03 2.891934169827562254e-03 3.236389914157148523e-03 3.692440109161915576e-03 7.624374151304684445e-04 1.930505870890486357e-03 3.946069889133225345e-03 3.910538544651761921e-03 4.819686053118444648e-03 4.754618095480746959e-03 6.116904111633631423e-03 4.312842209062370605e-03 6.632048553221008697e-03 3.067281767837706438e-03 4.005203746327718091e-03 3.274540305701480018e-03 2.799935268612046158e-03 4.511638024347956050e-03 5.169212495816164453e-03 2.650537048272885807e-03 3.116972701282216297e-03 5.087780772466673172e-03 2.218329309357078803e-03 3.427571788568771829e-03
1.986253799838066329e-03 4.309229894008698714e-01 8.010173044294754269e-03 4.868751985752466788e-03 4.185412713543616887e-03 4.944599485679732585e-03 6.383932647754626995e-03 7.991272554658344213e-03 4.046516173778297309e-03 3.843746051247680026e-03 3.158633375816166915e-03 7.101352517823834171e-03 4.599117529469326678e-03 3.460141407979711991e-03 3.168754937382929713e-03 9.999999999999729106e-01 4.979273174854957108e-03 4.126459479216633246e-03 3.846947986440547584e-01 3.460313669054252972e-01 3.604719718877011370e-01 6.074306645809713669e-03 2.576266115414490576e-01 3.340559153311220813e-03 3.643320803718842153e-03 1.311913672327078180e-03 6.599598320796163861e-03 3.030915892607746742e-03 4.098503488209885581e-03 1.331698538318507475e-03 2.842116232135123190e-03 1.121176999203990672e-02 4.988822756381509904e-03 7.502953419197132441e-03 5.089800798606904791e-03 7.196482524589382056e-03 5.033280221641542145e-03 1.660238200701651557e-03 6.644793317555026078e-03 7.330587634898820537e-03 5.636743018341492002e-03 7.002319447804320439e-03 7.201522585088586219e-03 3.919144310556371691e-03 3.240438380354381236e-03 5.391817213640466566e-03 5.166596353920470917e-03 1.358861185844058468e-02 4.906894944351343837e-03 4.005512281748421603e-03 8.250702339761002702e-03 4.536361311026456365e-03 2.794396085429416785e-03 4.155693713804206081e-03 7.345613787240516668e-03 4.392166108728829191e-03 4.019501445212934204e-03 6.348932836720641397e-03 5.127299518845814495e-03 3.872496425837184536e-03 4.228083801349468221e-03 3.560221021710224028e-03 2.213506065657010278e-03 4.229169276274784804e-03 9.602811246932328043e-03 3.472792288052947967e-03 3.236808403452053756e-03 5.068824364654895241e-03 3.883120877616425166e-03 6.501243493353546683e-03 2.368853811743609067e-02 8.439610390812011392e-03 9.688075299070255525e-03 4.136226323104789243e-03 7.198432812516471907e-03 4.364627473168468212e-03 1.489784096420707863e-03 6.097580373737124596e-03 6.614778348007574992e-03 5.264535674944711106e-03 2.743844022412961735e-03 3.843272970413910260e-03 5.899054029839413855e-03 3.465202810833365853e-03 5.468900699928949498e-03 6.729514181218421154e-03 5.134694497106315723e-03 4.502906417450006082e-03 1.807578932739833727e-03 6.880132642639733703e-03 4.510764044056040506e-03 1.002519380439503144e-02 2.642930029662460354e-03 9.185897967026908362e-03 8.927436412350445855e-03 4.521650018738482442e-03 4.680697291188996682e-03 7.468205005207318413e-03 3.416076431775950592e-03 2.724385376137796431e-03
